Positions sampled = [11, 14, 5, 46, 39, 8, 36, 49, 20, 37]

Total samples = 7040000
Total sample ratio = 6.875e-07
NMSE = 0.25764670187318056
AVG Hamming Weight of Nonzero Locations = 1.2763157894736843
Max Hamming Weight of Nonzero Locations = 2

Found non-zero indices QSFT: 
0 0 0 0 0 0 0 0 5 0
0 0 0 13 0 0 0 0 0 0
2 0 0 0 0 0 0 0 0 0
10 0 0 0 0 0 0 0 0 0
0 0 0 0 0 0 0 16 0 0
12 0 0 0 0 0 0 0 0 0
0 0 0 0 0 0 0 0 9 0
14 0 0 0 0 11 0 0 0 0
0 0 13 0 0 0 0 0 0 0
13 0 0 0 0 12 0 0 0 0
0 0 0 0 0 0 17 0 0 0
14 0 0 0 0 0 0 0 0 0
0 15 0 0 0 0 0 0 0 0
0 0 0 0 0 0 0 0 0 15
2 0 0 0 0 13 0 0 0 0
0 7 0 0 0 0 0 0 0 0
0 0 0 0 0 0 0 7 0 0
0 0 0 0 8 0 0 0 0 0
0 0 0 0 0 0 0 6 0 0
0 0 0 0 0 19 0 0 0 0
0 0 0 2 0 0 0 0 0 0
13 0 0 0 0 16 0 0 0 0
0 17 0 0 0 0 0 0 0 0
0 10 0 0 0 0 0 0 0 0
0 0 0 0 18 0 0 0 0 0
0 0 0 0 0 0 11 0 0 0
13 1 0 0 0 0 0 0 0 0
0 0 0 12 0 0 0 0 0 0
0 0 0 0 0 0 0 15 0 0
0 0 0 0 0 0 0 5 0 0
5 0 0 0 0 5 0 0 0 0
0 0 0 0 0 11 0 0 0 0
0 0 0 0 0 0 0 18 0 0
15 0 0 0 0 6 0 0 0 0
1 0 0 0 0 0 0 0 0 0
0 0 7 0 0 0 0 5 0 0
18 0 0 0 0 0 0 0 0 0
19 0 0 0 0 16 0 0 0 0
0 0 0 0 0 15 0 0 0 0
8 0 0 0 0 0 0 0 0 0
0 0 14 0 0 0 0 0 0 0
0 0 0 0 0 0 0 0 14 0
13 0 0 0 0 0 0 0 7 0
0 0 11 0 0 0 0 0 0 0
7 0 0 0 0 0 0 0 0 0
0 0 0 0 0 14 0 0 0 0
0 0 6 0 0 0 0 0 0 0
0 0 0 16 0 0 0 0 0 0
0 0 0 0 0 0 0 0 0 1
0 0 0 0 0 3 0 0 0 0
0 0 0 0 0 0 0 0 1 0
0 0 0 0 0 0 0 0 12 0
2 0 0 0 0 10 0 0 0 0
0 7 0 0 0 6 0 0 0 0
0 0 0 0 7 0 0 0 0 0
0 0 0 0 0 7 0 0 0 0
0 0 0 0 0 4 0 0 0 0
0 0 0 0 0 0 0 0 16 0
0 0 0 0 0 0 18 0 0 0
18 0 0 0 0 4 0 0 0 0
7 0 0 0 0 0 0 0 13 0
0 1 0 0 0 2 0 0 0 0
0 0 0 0 17 0 0 0 0 0
0 0 0 0 5 0 0 0 0 0
13 0 0 0 0 0 0 0 13 0
0 0 19 0 0 0 0 0 0 0
0 0 0 0 0 0 0 11 0 0
0 0 0 0 0 0 0 13 0 0
2 0 0 0 0 19 0 0 0 0
0 0 0 14 0 0 0 0 0 0
0 0 2 0 0 0 0 0 0 0
0 0 16 0 0 0 0 0 0 0
1 0 0 0 0 11 0 0 0 0
0 0 17 0 0 0 0 0 0 0
7 0 0 0 0 8 0 0 0 0
0 0 18 0 0 0 0 0 0 0
0 0 5 0 0 0 0 0 0 0
17 0 0 0 0 14 0 0 0 0
0 19 0 0 0 18 0 0 0 0
0 16 0 0 0 0 0 0 0 0
0 0 0 0 0 0 9 0 0 0
0 0 0 0 0 0 0 9 0 0
0 0 0 0 0 0 6 0 0 0
0 0 0 0 0 9 0 0 0 0
0 0 0 0 0 0 0 0 6 0
0 0 0 0 0 0 0 8 0 0
0 3 0 0 0 0 0 0 0 0
9 0 0 0 0 0 0 0 0 0
0 0 3 0 0 0 0 0 0 0
18 0 0 0 0 7 0 0 0 0
0 11 0 0 0 0 0 0 0 0
0 0 0 0 0 0 7 0 0 0
0 0 0 0 0 0 0 0 8 0
5 0 0 0 0 0 0 0 0 0
13 0 0 0 0 19 0 0 0 0
0 0 0 0 0 1 0 0 0 0
0 19 0 0 0 13 0 0 0 0
15 0 0 0 0 16 0 0 0 0
0 0 4 0 0 0 0 0 0 0
0 0 0 0 6 0 0 0 0 0
0 0 0 8 0 0 0 0 0 0
11 0 0 0 0 0 0 0 0 0
0 0 0 0 0 2 0 0 0 0
0 0 0 0 0 0 0 0 0 19
0 0 0 0 0 18 0 0 0 0
18 0 0 0 0 1 0 0 0 0
0 0 0 0 10 0 0 0 0 0
1 0 0 0 0 4 0 0 0 0
7 0 0 0 0 1 0 0 0 0
0 0 0 0 0 5 0 0 0 0
0 2 0 0 0 0 0 0 0 0
0 0 0 0 0 0 0 0 2 0
3 0 0 0 0 14 0 0 0 0
16 0 0 0 0 0 0 0 0 0
0 0 9 0 0 0 0 0 0 0
0 0 15 0 0 0 0 0 0 0
0 18 0 0 0 0 0 0 0 0
0 0 0 0 14 0 0 0 0 0
0 0 0 0 4 0 0 0 0 0
0 0 0 0 0 0 0 0 4 0
0 0 0 0 0 0 0 0 15 0
0 0 0 0 0 0 0 19 0 0
0 0 0 9 0 0 0 0 0 0
0 0 0 0 0 0 0 0 19 0
0 0 0 0 0 0 8 0 0 0
0 6 0 0 0 0 0 0 0 0
0 0 0 0 0 0 0 5 18 0
0 0 0 18 0 0 0 0 0 0
0 0 0 0 0 0 3 0 0 0
0 0 0 0 0 0 0 0 0 5
0 0 0 0 12 0 0 0 0 0
17 0 0 0 0 6 0 0 0 0
0 0 0 0 0 0 0 0 17 0
13 0 0 0 0 0 0 0 16 0
0 0 0 7 0 0 0 0 0 0
0 0 0 0 0 17 0 0 0 0
7 0 0 0 0 15 0 0 0 0
0 8 0 0 0 0 0 0 0 0
0 12 0 0 0 0 0 0 0 0
7 0 0 0 0 0 0 0 7 0
0 13 0 0 0 14 0 0 0 0
0 5 0 0 0 0 0 0 0 0
7 0 0 0 0 11 0 0 0 0
0 0 0 0 0 0 2 0 0 0
7 19 0 0 0 0 0 0 0 0
0 0 0 0 0 0 0 14 0 0
5 0 0 0 0 14 0 0 0 0
0 0 0 0 0 0 0 2 0 0
3 0 0 0 0 0 0 0 0 0
0 0 0 0 0 0 0 0 0 7
7 0 0 0 0 2 0 0 0 0
0 0 0 0 0 16 0 0 0 0
0 0 13 0 0 0 0 15 0 0
0 0 0 0 0 0 0 0 0 16
0 0 0 0 0 0 0 1 0 0
0 0 0 0 0 0 13 0 0 0
13 0 0 0 0 9 0 0 0 0
11 0 0 0 0 1 0 0 0 0
3 0 0 0 0 6 0 0 0 0
0 0 0 11 0 0 0 0 0 0
0 0 0 0 0 0 12 0 0 0
18 0 0 0 0 11 0 0 0 0
0 0 0 0 0 0 0 0 11 0
0 0 0 0 0 0 0 0 0 0
6 0 0 0 0 0 0 0 0 0
0 0 0 0 0 0 0 0 0 9
0 0 0 0 0 0 0 0 0 18
0 0 7 0 0 0 0 0 0 0
0 0 0 0 15 0 0 0 0 0
0 0 0 0 0 0 0 12 0 0
6 0 3 0 0 0 0 0 0 0
0 13 0 0 0 0 0 0 0 0
15 0 0 0 0 9 0 0 0 0
0 0 0 0 0 0 14 0 0 0
0 0 0 0 0 0 0 0 13 0
0 9 0 0 0 0 0 0 0 0
0 14 0 0 0 0 0 0 0 0
5 0 0 0 0 4 0 0 0 0
5 0 0 0 0 11 0 0 0 0
0 4 0 0 0 0 0 0 0 0
18 0 0 0 0 10 0 0 0 0
15 0 0 0 0 14 0 0 0 0
0 0 0 0 1 0 0 0 0 0
0 0 0 0 13 0 0 0 0 0
17 0 0 0 0 0 0 0 0 0
0 0 0 0 0 13 0 0 0 0
0 0 0 0 0 0 0 0 0 2
13 0 0 0 0 18 0 0 0 0
9 0 0 0 0 19 0 0 0 0
6 0 0 0 0 9 0 0 0 0
0 0 0 0 0 0 0 0 0 11
5 0 0 0 0 6 0 0 0 0
0 0 0 0 0 10 0 0 0 0
0 0 0 0 0 0 0 15 2 0
2 0 0 0 0 9 0 0 0 0
0 0 0 0 0 6 0 0 0 0
0 0 0 6 0 0 0 0 0 0
0 0 0 3 0 0 0 0 0 0
0 0 1 0 0 0 0 0 0 0
0 0 0 0 3 0 0 0 0 0
14 0 17 0 0 0 0 0 0 0
4 0 0 0 0 0 0 0 0 0
15 0 0 0 0 0 0 0 0 0
0 0 0 4 0 0 0 0 0 0
0 1 0 0 0 0 0 0 0 0
0 0 0 0 0 0 19 0 0 0
13 0 0 0 0 5 0 0 0 0
2 0 0 0 0 16 0 0 0 0
0 0 0 0 2 0 0 0 0 0
19 0 0 0 0 0 0 0 0 0
0 0 0 0 16 0 0 0 0 0
0 0 0 0 0 0 0 0 0 4
15 0 0 0 0 15 0 0 0 0
0 0 0 0 0 0 0 0 3 0
0 0 0 0 0 0 1 0 0 0
0 0 0 0 0 0 0 0 0 13
0 0 0 10 0 0 0 0 0 0
0 0 0 0 19 0 0 0 0 0
7 0 0 0 0 4 0 0 0 0
0 0 0 17 0 0 0 0 0 0
0 1 0 0 0 7 0 0 0 0
0 0 0 0 0 0 0 0 7 0
0 0 0 0 0 0 0 0 18 0
13 0 0 0 0 0 0 0 0 0
0 0 0 0 0 0 0 4 0 0
7 0 0 0 0 0 0 0 4 0
19 0 0 0 0 9 0 0 0 0
0 19 0 0 0 0 0 0 0 0
