Positions sampled = [40, 38, 30, 42, 26, 29, 53, 37, 22, 32]

Total samples = 7040000
Total sample ratio = 6.875e-07
NMSE = 0.32167270067229015
AVG Hamming Weight of Nonzero Locations = 1.6359743040685224
Max Hamming Weight of Nonzero Locations = 2

Found non-zero indices QSFT: 
19 0 0 0 6 0 0 0 0 0
2 0 0 0 0 0 0 0 0 0
0 0 0 0 0 0 0 0 9 0
0 0 0 0 0 0 17 0 0 0
14 0 0 0 0 0 0 0 0 0
0 15 0 3 0 0 0 0 0 0
0 3 0 0 13 0 0 0 0 0
0 4 0 0 0 0 0 0 2 0
0 7 0 0 13 0 0 0 0 0
0 0 0 16 0 19 0 0 0 0
0 0 0 0 0 0 11 0 0 0
0 0 0 14 14 0 0 0 0 0
15 0 0 5 0 0 0 0 0 0
0 17 0 0 13 0 0 0 0 0
0 0 0 0 0 7 0 0 0 7
0 17 0 0 0 0 0 0 2 0
0 0 0 0 0 15 0 0 0 0
0 0 0 0 5 0 0 0 0 7
2 0 0 0 0 0 0 0 3 0
0 0 0 0 0 0 0 0 12 0
0 0 0 0 0 0 0 0 1 0
0 7 0 0 0 6 0 0 0 0
0 0 0 0 7 0 0 0 0 0
0 0 0 0 0 0 18 0 0 0
0 0 0 6 6 0 0 0 0 0
0 0 0 7 0 7 0 0 0 0
0 0 0 0 6 0 0 0 17 0
0 0 0 19 0 17 0 0 0 0
0 0 0 19 0 0 0 0 15 0
0 0 0 4 0 1 0 0 0 0
0 0 0 0 0 17 0 0 0 19
0 0 0 2 0 0 0 0 9 0
0 2 0 2 0 0 0 0 0 0
0 0 0 0 0 0 0 0 0 17
6 0 0 0 14 0 0 0 0 0
5 0 0 0 0 0 0 0 0 0
0 7 0 0 0 2 0 0 0 0
0 0 0 0 6 18 0 0 0 0
0 0 0 7 0 14 0 0 0 0
0 4 0 0 8 0 0 0 0 0
0 0 0 0 6 0 0 0 0 0
0 3 0 0 5 0 0 0 0 0
0 1 0 15 0 0 0 0 0 0
0 0 0 2 5 0 0 0 0 0
0 0 0 0 15 0 0 0 3 0
0 19 0 0 7 0 0 0 0 0
0 2 0 11 0 0 0 0 0 0
0 0 0 0 0 0 0 0 19 7
0 0 0 0 0 0 0 0 0 3
0 0 0 0 18 0 0 0 5 0
0 0 0 0 0 0 0 0 0 12
0 7 0 15 0 0 0 0 0 0
0 0 0 0 0 10 0 0 0 1
0 0 0 8 14 0 0 0 0 0
0 0 0 0 0 10 0 0 0 19
0 0 0 17 0 6 0 0 0 0
0 0 0 0 14 0 0 0 0 0
0 0 0 0 0 0 0 0 4 0
0 0 0 0 0 0 0 0 15 0
0 0 0 0 0 14 0 0 0 1
0 0 0 0 0 0 0 19 0 0
0 0 0 0 6 0 0 0 3 0
0 0 0 0 0 0 8 0 0 0
0 0 0 0 6 0 0 0 0 13
4 5 0 0 0 0 0 0 0 0
0 0 0 19 0 6 0 0 0 0
0 0 0 0 0 17 0 0 0 0
0 0 0 9 0 13 0 0 0 0
19 16 0 0 0 0 0 0 0 0
0 15 0 0 0 0 0 0 1 0
0 0 0 18 0 0 0 0 17 0
0 0 0 0 0 0 0 14 0 0
0 0 0 0 0 13 0 0 0 5
0 0 0 0 0 0 0 2 0 0
0 0 0 0 0 0 0 0 0 7
0 0 0 13 0 13 0 0 0 0
0 0 0 0 0 0 0 0 0 16
0 0 0 2 0 0 0 0 1 0
0 0 0 3 9 0 0 0 0 0
0 0 0 0 14 0 0 0 0 13
0 0 0 0 6 8 0 0 0 0
0 0 0 0 6 0 0 0 0 8
0 16 0 0 0 0 0 0 18 0
0 17 0 0 0 0 0 0 16 0
0 0 0 6 0 1 0 0 0 0
0 4 0 0 0 0 0 0 0 0
0 0 0 0 0 19 0 0 0 12
0 0 0 0 0 13 0 0 0 0
15 4 0 0 0 0 0 0 0 0
0 0 0 0 0 0 0 0 0 2
0 19 0 0 13 0 0 0 0 0
16 15 0 0 0 0 0 0 0 0
0 0 0 0 0 0 0 0 0 11
0 0 0 0 15 0 0 0 17 0
0 0 0 0 10 0 0 0 3 0
0 0 0 0 0 10 0 0 0 0
0 0 1 0 0 0 0 0 0 0
0 0 0 0 14 0 0 0 0 17
0 0 0 0 6 0 0 0 0 3
0 0 0 17 11 0 0 0 0 0
15 0 0 0 0 0 0 0 4 0
0 0 0 0 16 0 0 0 0 0
0 17 0 7 0 0 0 0 0 0
0 0 0 16 6 0 0 0 0 0
0 0 0 0 0 0 0 0 7 0
0 0 0 0 0 0 0 0 18 0
0 19 0 0 0 0 0 0 0 0
0 15 0 0 0 8 0 0 0 0
10 0 0 0 0 0 0 0 0 0
12 0 0 0 0 0 0 0 0 0
0 0 0 0 0 0 0 16 0 0
0 0 0 17 0 0 0 0 2 0
0 0 0 0 0 0 0 0 0 6
0 0 0 0 2 0 0 0 15 0
0 0 0 0 14 0 0 0 3 0
0 0 0 0 0 0 0 0 0 15
0 7 0 0 0 0 0 0 0 0
0 4 0 0 7 0 0 0 0 0
0 16 0 0 0 0 0 0 2 0
18 0 0 0 6 0 0 0 0 0
0 11 0 2 0 0 0 0 0 0
0 17 0 0 0 0 0 0 0 0
0 0 0 0 18 0 0 0 0 0
0 0 0 0 14 2 0 0 0 0
0 0 0 0 0 3 0 0 0 7
0 15 0 0 14 0 0 0 0 0
0 0 0 12 0 0 0 0 0 0
0 0 0 0 0 0 0 5 0 0
0 0 0 0 0 11 0 0 0 0
0 0 0 0 0 0 0 0 10 0
0 1 0 3 0 0 0 0 0 0
0 5 0 0 7 0 0 0 0 0
0 0 0 0 0 18 0 0 0 1
8 0 0 0 0 0 0 0 0 0
0 16 0 0 12 0 0 0 0 0
0 0 0 0 0 18 0 0 0 19
0 7 0 0 14 0 0 0 0 0
0 0 0 16 0 0 0 0 0 0
0 0 0 0 0 0 0 0 0 1
0 0 0 13 14 0 0 0 0 0
0 0 0 5 0 0 0 0 1 0
0 0 0 0 0 4 0 0 0 0
0 0 0 0 0 5 0 0 0 19
0 0 0 19 0 14 0 0 0 0
0 0 0 0 15 0 0 0 0 13
0 0 0 0 0 0 0 13 0 0
0 0 2 0 0 0 0 0 0 0
13 0 0 13 0 0 0 0 0 0
0 0 17 0 0 0 0 0 0 0
0 0 0 0 0 3 0 0 0 11
0 0 18 0 0 0 0 0 0 0
0 0 0 0 14 12 0 0 0 0
0 0 0 19 0 13 0 0 0 0
0 8 0 18 0 0 0 0 0 0
0 10 0 0 11 0 0 0 0 0
0 0 0 0 0 19 0 0 0 6
0 0 0 0 0 9 0 0 0 0
0 0 0 0 0 0 0 8 0 0
0 3 0 0 0 0 0 0 0 0
0 13 0 2 0 0 0 0 0 0
0 13 0 0 0 18 0 0 0 0
0 11 0 0 0 0 0 0 0 0
0 15 0 0 5 0 0 0 0 0
1 5 0 0 0 0 0 0 0 0
0 0 0 8 6 0 0 0 0 0
0 0 0 18 0 0 0 0 4 0
0 5 0 17 0 0 0 0 0 0
0 0 0 18 15 0 0 0 0 0
0 0 0 0 11 0 0 0 0 0
0 5 0 0 15 0 0 0 0 0
0 0 0 0 0 12 0 0 0 13
0 0 0 19 0 7 0 0 0 0
0 0 0 0 0 18 0 0 0 0
0 0 0 3 0 13 0 0 0 0
0 0 0 0 0 1 0 0 0 2
0 5 0 0 0 0 0 0 19 0
0 0 0 0 0 19 0 0 0 1
0 0 0 0 0 5 0 0 0 0
0 7 0 18 0 0 0 0 0 0
0 0 0 0 0 0 0 0 2 0
0 14 0 0 4 0 0 0 0 0
0 0 0 0 10 0 0 0 17 0
0 0 0 2 0 0 0 0 18 0
0 0 0 0 4 0 0 0 0 0
0 5 0 0 0 12 0 0 0 0
0 0 0 9 0 0 0 0 0 0
0 0 0 0 0 3 0 0 0 1
0 0 0 5 0 0 0 0 4 0
0 0 0 3 0 0 0 0 18 0
0 0 0 12 15 0 0 0 0 0
0 6 0 0 0 0 0 0 0 0
0 0 0 0 0 0 0 0 1 13
0 0 0 0 14 0 0 0 17 0
0 3 0 13 0 0 0 0 0 0
0 18 0 18 0 0 0 0 0 0
0 19 0 0 12 0 0 0 0 0
7 0 0 0 0 0 0 0 18 0
0 13 0 0 0 14 0 0 0 0
0 5 0 0 0 0 0 0 0 0
0 0 0 4 0 0 0 0 2 0
0 0 0 0 0 0 2 0 0 0
0 0 0 12 6 0 0 0 0 0
0 1 0 5 0 0 0 0 0 0
0 0 0 1 0 7 0 0 0 0
16 1 0 0 0 0 0 0 0 0
0 0 0 0 15 0 0 0 0 7
0 0 0 0 0 7 0 0 0 15
0 0 0 10 0 0 0 0 4 0
0 0 0 0 13 18 0 0 0 0
2 0 0 7 0 0 0 0 0 0
2 0 0 0 0 0 0 0 4 0
0 0 0 0 0 1 0 0 0 1
0 0 0 0 0 0 0 0 13 0
0 9 0 0 0 0 0 0 0 0
0 0 0 14 0 19 0 0 0 0
0 14 0 0 0 0 0 0 0 0
0 11 0 0 7 0 0 0 0 0
0 3 0 0 7 0 0 0 0 0
0 0 0 0 0 14 0 0 0 19
18 0 0 0 0 0 0 0 16 0
0 0 0 3 14 0 0 0 0 0
0 0 8 0 0 0 0 0 0 0
0 0 0 0 0 17 0 0 0 9
0 0 0 0 3 0 0 0 0 0
0 0 0 1 0 14 0 0 0 0
0 1 0 0 0 0 0 0 0 0
2 0 0 0 14 0 0 0 0 0
18 0 0 13 0 0 0 0 0 0
0 15 0 19 0 0 0 0 0 0
0 0 12 0 0 0 0 0 0 0
19 0 0 0 0 0 0 0 0 0
14 3 0 0 0 0 0 0 0 0
13 0 0 0 0 0 0 0 2 0
0 10 0 0 9 0 0 0 0 0
0 0 0 17 0 0 0 0 0 0
0 15 0 0 13 0 0 0 0 0
0 0 0 0 0 0 0 0 5 0
0 0 13 0 0 0 0 0 0 0
0 0 0 17 6 0 0 0 0 0
0 0 0 0 0 17 0 0 0 13
0 0 0 0 0 0 0 6 0 0
0 15 0 0 0 0 0 0 2 0
0 0 0 19 0 12 0 0 0 0
0 2 0 0 0 13 0 0 0 0
0 9 0 0 13 0 0 0 0 0
0 0 0 0 0 0 0 15 0 0
0 0 0 2 0 9 0 0 0 0
0 13 0 18 0 0 0 0 0 0
1 0 0 0 0 0 0 0 0 0
18 0 0 0 0 0 0 0 0 0
0 0 0 8 5 0 0 0 0 0
0 0 0 0 0 8 0 0 0 7
0 0 0 0 0 14 0 0 0 0
0 0 0 15 0 9 0 0 0 0
0 0 0 17 0 7 0 0 0 0
0 0 0 18 0 13 0 0 0 0
0 5 0 0 6 0 0 0 0 0
0 0 0 0 0 7 0 0 0 0
0 0 0 0 0 0 0 0 16 0
0 0 0 0 5 0 0 0 0 0
0 0 0 19 0 0 0 0 0 0
0 17 0 0 7 0 0 0 0 0
0 13 0 0 0 13 0 0 0 0
0 0 0 0 0 13 0 0 0 13
0 16 0 0 0 0 0 0 0 0
0 0 0 10 0 7 0 0 0 0
0 0 0 1 0 12 0 0 0 0
0 0 0 0 14 0 0 0 0 12
0 0 0 0 6 0 0 0 0 7
0 9 0 18 0 0 0 0 0 0
0 0 0 4 14 0 0 0 0 0
0 0 3 0 0 0 0 0 0 0
0 0 0 0 0 7 0 0 0 13
0 0 0 0 0 0 7 0 0 0
0 0 0 0 0 0 0 0 8 0
0 0 0 17 0 3 0 0 0 0
1 4 0 0 0 0 0 0 0 0
0 0 0 16 5 0 0 0 0 0
0 0 0 0 5 0 0 0 0 13
0 0 0 0 0 12 0 0 18 0
0 19 0 5 0 0 0 0 0 0
0 16 0 0 13 0 0 0 0 0
0 0 0 0 9 0 0 0 0 0
0 0 0 0 0 0 0 17 0 0
0 0 0 0 0 13 0 0 0 17
0 0 0 0 0 0 0 0 0 19
0 0 0 8 0 0 0 0 13 0
0 0 0 0 14 0 0 0 0 7
0 0 0 11 0 7 0 0 0 0
0 0 0 2 0 0 0 0 16 0
0 0 0 3 0 17 0 0 0 0
0 0 0 10 0 13 0 0 0 0
16 0 0 0 0 0 0 0 0 0
5 0 0 15 0 0 0 0 0 0
0 0 0 0 0 0 0 0 19 0
0 0 0 0 0 0 15 0 0 0
0 0 0 0 0 0 0 0 0 5
0 0 0 0 0 0 0 0 0 14
0 0 0 7 0 0 0 0 0 0
0 0 0 1 0 8 0 0 0 0
0 0 0 18 0 0 0 0 2 0
0 0 0 0 0 6 0 0 0 1
0 0 0 0 14 0 0 0 15 0
19 15 0 0 0 0 0 0 0 0
0 0 0 0 0 6 0 0 0 19
0 5 0 0 18 0 0 0 0 0
0 14 0 0 11 0 0 0 0 0
0 0 0 15 0 0 0 0 16 0
0 0 0 3 0 0 0 0 8 0
0 0 0 2 3 0 0 0 0 0
0 0 0 0 0 0 12 0 0 0
0 0 0 0 0 19 0 0 0 19
0 0 0 0 0 0 0 0 11 0
0 0 0 0 0 13 0 0 0 7
0 0 0 0 0 0 0 0 0 0
6 0 0 0 0 0 0 0 0 0
0 0 0 0 0 0 0 0 0 9
0 1 0 0 13 0 0 0 0 0
0 0 0 0 0 0 0 0 0 18
0 19 0 13 0 0 0 0 0 0
0 12 0 2 0 0 0 0 0 0
0 0 0 13 0 0 0 0 19 0
0 7 0 2 0 0 0 0 0 0
0 0 0 2 0 7 0 0 0 0
0 1 0 7 0 0 0 0 0 0
0 0 0 5 0 11 0 0 0 0
0 0 0 0 13 0 0 0 0 0
17 0 0 0 0 0 0 0 0 0
0 19 0 17 0 0 0 0 0 0
0 0 0 18 0 11 0 0 0 0
0 0 0 3 0 0 0 0 0 0
0 0 0 0 5 0 0 0 3 0
0 0 0 4 0 0 0 0 0 0
15 0 0 0 0 0 0 0 0 0
0 0 0 0 0 0 19 0 0 0
0 0 0 0 2 0 0 0 0 0
0 0 0 0 0 0 0 0 0 4
0 13 0 0 0 2 0 0 0 0
0 0 0 0 0 0 0 0 3 0
0 0 0 0 0 0 4 0 0 0
0 0 0 0 0 0 1 0 0 0
0 0 0 0 0 0 0 0 0 13
0 0 0 0 7 2 0 0 0 0
13 0 0 0 0 0 0 0 0 0
1 0 0 0 14 0 0 0 0 0
0 0 0 0 0 6 0 0 0 0
0 0 0 0 0 0 0 3 0 0
0 0 0 13 0 0 0 0 0 0
0 13 0 0 6 0 0 0 0 0
6 17 0 0 0 0 0 0 0 0
14 0 0 0 6 0 0 0 0 0
7 0 0 7 0 0 0 0 0 0
0 15 0 0 0 0 0 0 0 0
0 0 0 0 0 0 0 7 0 0
0 0 0 1 0 0 0 0 5 0
0 0 0 1 0 3 0 0 0 0
0 17 0 0 15 0 0 0 0 0
0 0 0 0 8 0 0 0 0 0
4 19 0 0 0 0 0 0 0 0
0 0 0 0 0 19 0 0 0 0
0 0 0 2 0 0 0 0 0 0
0 0 0 3 0 14 0 0 0 0
5 16 0 0 0 0 0 0 0 0
0 0 0 0 0 1 0 0 0 19
0 0 0 2 0 8 0 0 0 0
0 0 0 0 0 19 0 0 0 18
0 0 0 4 15 0 0 0 0 0
0 0 0 13 0 6 0 0 0 0
0 0 0 0 0 0 0 0 0 8
0 0 0 0 0 2 0 0 0 1
5 4 0 0 0 0 0 0 0 0
0 0 0 18 14 0 0 0 0 0
0 0 0 0 0 0 0 18 0 0
0 3 0 0 0 0 0 0 4 0
0 0 0 0 0 2 0 0 0 19
0 0 0 0 0 0 0 0 14 0
7 0 0 0 0 0 0 0 0 0
0 0 0 0 0 3 0 0 0 0
0 15 0 0 2 0 0 0 0 0
18 0 0 0 0 0 0 0 17 0
0 0 0 0 0 0 16 0 0 0
0 0 0 0 17 0 0 0 0 0
0 0 19 0 0 0 0 0 0 0
0 0 0 14 0 0 0 0 0 0
0 0 0 0 0 1 0 0 0 14
10 13 0 0 0 0 0 0 0 0
0 0 0 12 14 0 0 0 0 0
0 0 0 0 0 0 5 0 0 0
0 0 0 15 0 0 0 0 0 0
0 0 0 0 5 0 0 0 17 0
0 18 0 0 0 7 0 0 0 0
0 0 0 2 6 0 0 0 0 0
0 7 0 1 0 0 0 0 0 0
0 0 0 0 0 0 9 0 0 0
0 0 0 0 0 0 6 0 0 0
0 0 0 0 0 0 0 0 6 0
15 16 0 0 0 0 0 0 0 0
0 0 0 10 0 0 0 0 16 0
0 19 0 15 0 0 0 0 0 0
0 0 0 12 5 0 0 0 0 0
0 0 0 0 0 1 0 0 0 0
0 0 0 15 0 0 0 0 19 0
0 1 0 0 8 0 0 0 0 0
0 0 0 0 0 19 0 0 0 17
0 0 0 18 0 0 0 0 19 0
2 0 0 0 0 0 0 0 16 0
0 0 0 8 0 0 0 0 0 0
0 0 0 8 15 0 0 0 0 0
0 0 0 0 0 2 0 0 0 0
0 0 0 2 0 0 0 0 3 0
0 7 0 0 0 18 0 0 0 0
0 0 0 0 0 8 0 0 2 0
0 2 0 0 0 0 0 0 0 0
0 4 0 0 0 0 0 0 18 0
0 0 0 1 0 13 0 0 0 0
0 3 0 0 0 0 0 0 18 0
0 13 0 19 0 0 0 0 0 0
0 18 0 0 0 0 0 0 0 0
0 13 0 0 7 0 0 0 0 0
0 0 0 5 0 0 0 0 0 0
0 0 0 17 0 0 0 0 12 0
0 0 0 18 17 0 0 0 0 0
0 0 0 12 0 0 0 0 7 0
0 0 0 18 0 0 0 0 11 0
0 0 0 18 0 0 0 0 0 0
0 0 0 0 0 0 3 0 0 0
0 18 0 9 0 0 0 0 0 0
0 0 0 0 12 0 0 0 0 0
0 0 0 1 0 0 0 0 0 0
0 0 0 0 0 0 0 0 17 0
0 13 0 5 0 0 0 0 0 0
10 7 0 0 0 0 0 0 0 0
3 0 0 0 0 0 0 0 0 0
0 0 0 0 0 16 0 0 0 0
0 6 0 0 16 0 0 0 0 0
0 0 0 0 0 0 0 1 0 0
0 0 0 0 0 0 13 0 0 0
0 6 0 0 9 0 0 0 0 0
0 0 0 0 0 1 0 0 0 8
0 7 0 0 0 7 0 0 0 0
0 0 0 7 0 0 0 0 1 0
0 0 0 11 0 0 0 0 0 0
0 0 7 0 0 0 0 0 0 0
0 0 0 0 15 0 0 0 0 0
0 0 0 0 0 0 0 12 0 0
0 13 0 0 0 0 0 0 0 0
0 0 0 0 0 0 14 0 0 0
0 0 0 0 0 15 0 0 0 1
5 0 0 0 0 0 0 0 16 0
0 0 0 0 1 0 0 0 0 0
0 5 0 0 0 0 0 0 18 0
0 0 0 0 6 0 0 0 5 0
0 1 0 0 7 0 0 0 0 0
0 0 0 16 0 0 0 0 18 0
0 0 0 0 0 1 0 0 0 3
0 0 0 6 0 0 0 0 0 0
4 0 0 0 0 0 0 0 0 0
0 0 0 19 0 8 0 0 0 0
0 0 0 7 6 0 0 0 0 0
0 0 0 10 0 0 0 0 0 0
18 0 0 0 0 0 0 0 4 0
0 0 0 0 19 0 0 0 0 0
0 0 0 0 0 7 0 0 0 3
0 0 0 1 0 6 0 0 0 0
0 0 0 0 0 0 0 4 0 0
0 5 0 1 0 0 0 0 0 0
0 0 0 18 0 12 0 0 0 0
